Shortest Path in 5 Steps 
[[ 1. -1. -1. -1.  1.]
 [-1. -3.  1. -3. -1.]
 [-1.  1.  1.  1. -1.]
 [-1. -3.  1. -3. -1.]
 [ 1. -1. -1. -1.  1.]]
Press Cell: [ 5.  5.]
[[ 1. -1. -1. -1.  1.]
 [-1. -3.  1. -3. -1.]
 [-1.  1.  1.  1. -1.]
 [-1. -3.  1. -3. -1.]
 [ 1. -1. -1. -1.  0.]]
Press Cell: [ 5.  1.]
[[ 1. -1. -1. -1.  1.]
 [-1. -3.  1. -3. -1.]
 [-1.  1.  1.  1. -1.]
 [-1. -3.  1. -3. -1.]
 [ 0. -1. -1. -1.  0.]]
Press Cell: [ 1.  5.]
[[ 1. -1. -1. -1.  0.]
 [-1. -3.  1. -3. -1.]
 [-1.  1.  1.  1. -1.]
 [-1. -3.  1. -3. -1.]
 [ 0. -1. -1. -1.  0.]]
Press Cell: [ 1.  1.]
[[ 0. -1. -1. -1.  0.]
 [-1. -3.  1. -3. -1.]
 [-1.  1.  1.  1. -1.]
 [-1. -3.  1. -3. -1.]
 [ 0. -1. -1. -1.  0.]]
Press Cell: [ 3.  3.]
[[ 0. -1. -1. -1.  0.]
 [-1. -3.  0. -3. -1.]
 [-1.  0.  0.  0. -1.]
 [-1. -3.  0. -3. -1.]
 [ 0. -1. -1. -1.  0.]]
