Shortest Path in 5 Steps 
[[ 1. -1. -1. -1.  1.]
 [-1. -3.  1. -3. -1.]
 [-1.  1. -2.  1. -1.]
 [-1. -3.  1. -3. -1.]
 [ 1. -1. -1. -1.  1.]]
Press Cell: [ 4.  4.] Special Cell
[[ 1. -1. -1. -1.  1.]
 [-1. -3.  1. -3. -1.]
 [-1.  1. -2.  1. -1.]
 [-1. -3.  1. -3. -1.]
 [ 1. -1. -1. -1.  0.]]
Press Cell: [ 4.  2.] Special Cell
[[ 1. -1. -1. -1.  1.]
 [-1. -3.  1. -3. -1.]
 [-1.  1. -2.  1. -1.]
 [-1. -3.  1. -3. -1.]
 [ 0. -1. -1. -1.  0.]]
Press Cell: [ 1.  5.]
[[ 1. -1. -1. -1.  0.]
 [-1. -3.  1. -3. -1.]
 [-1.  1. -2.  1. -1.]
 [-1. -3.  1. -3. -1.]
 [ 0. -1. -1. -1.  0.]]
Press Cell: [ 1.  1.]
[[ 0. -1. -1. -1.  0.]
 [-1. -3.  1. -3. -1.]
 [-1.  1. -2.  1. -1.]
 [-1. -3.  1. -3. -1.]
 [ 0. -1. -1. -1.  0.]]
Press Cell: [ 3.  3.] Special Cell
[[ 0. -1. -1. -1.  0.]
 [-1. -3.  0. -3. -1.]
 [-1.  0. -2.  0. -1.]
 [-1. -3.  0. -3. -1.]
 [ 0. -1. -1. -1.  0.]]
