Shortest Path in 4 Steps 
[[ 1. -1. -1. -1.  1.]
 [ 1.  1.  1.  1.  1.]
 [ 1.  1. -3.  1.  1.]
 [ 1.  1.  1.  1.  1.]
 [ 1. -1. -1. -1.  1.]]
Press Cell: [ 5.  1.]
[[ 1. -1. -1. -1.  1.]
 [ 1.  1.  1.  1.  1.]
 [ 1.  1. -3.  1.  1.]
 [ 0.  0.  1.  1.  1.]
 [ 0. -1. -1. -1.  1.]]
Press Cell: [ 1.  5.]
[[ 1. -1. -1. -1.  0.]
 [ 1.  1.  1.  0.  0.]
 [ 1.  1. -3.  1.  1.]
 [ 0.  0.  1.  1.  1.]
 [ 0. -1. -1. -1.  1.]]
Press Cell: [ 4.  4.]
[[ 1. -1. -1. -1.  0.]
 [ 1.  1.  1.  0.  0.]
 [ 1.  1. -3.  0.  0.]
 [ 0.  0.  0.  0.  0.]
 [ 0. -1. -1. -1.  0.]]
Press Cell: [ 2.  2.]
[[ 0. -1. -1. -1.  0.]
 [ 0.  0.  0.  0.  0.]
 [ 0.  0. -3.  0.  0.]
 [ 0.  0.  0.  0.  0.]
 [ 0. -1. -1. -1.  0.]]
