Shortest Path in 5 Steps 
[[ 1. -1. -1. -1.  1.]
 [ 1. -3.  1. -3.  1.]
 [ 1.  1.  1.  1.  1.]
 [ 1. -3.  1. -3.  1.]
 [ 1. -1. -1. -1.  1.]]
Press Cell: [ 4.  2.] Special Cell
[[ 1. -1. -1. -1.  1.]
 [ 1. -3.  1. -3.  1.]
 [ 0.  1.  0.  1.  1.]
 [ 1. -3.  1. -3.  1.]
 [ 0. -1. -1. -1.  1.]]
Press Cell: [ 2.  2.] Special Cell
[[ 0. -1. -1. -1.  1.]
 [ 1. -3.  1. -3.  1.]
 [ 1.  1.  1.  1.  1.]
 [ 1. -3.  1. -3.  1.]
 [ 0. -1. -1. -1.  1.]]
Press Cell: [ 5.  5.]
[[ 0. -1. -1. -1.  1.]
 [ 1. -3.  1. -3.  1.]
 [ 1.  1.  1.  1.  1.]
 [ 1. -3.  1. -3.  0.]
 [ 0. -1. -1. -1.  0.]]
Press Cell: [ 2.  5.]
[[ 0. -1. -1. -1.  0.]
 [ 1. -3.  1. -3.  0.]
 [ 1.  1.  1.  0.  0.]
 [ 1. -3.  1. -3.  0.]
 [ 0. -1. -1. -1.  0.]]
Press Cell: [ 3.  2.]
[[ 0. -1. -1. -1.  0.]
 [ 0. -3.  0. -3.  0.]
 [ 0.  0.  0.  0.  0.]
 [ 0. -3.  0. -3.  0.]
 [ 0. -1. -1. -1.  0.]]
