Shortest Path in 7 Steps 
[[ 1.  1. -1.  1. -1.]
 [-1. -1.  1. -1. -1.]
 [ 1.  1.  1.  1. -1.]
 [ 1.  1.  1. -1. -1.]
 [ 1.  1.  1. -1.  1.]]
[[ 1.  1. -1.  1. -1.]
 [-1. -1.  1. -1. -1.]
 [ 0.  0.  1.  1. -1.]
 [ 0.  0.  1. -1. -1.]
 [ 1.  1.  1. -1.  1.]]
[[ 1.  1. -1.  1. -1.]
 [-1. -1.  0. -1. -1.]
 [ 1.  1.  0.  1. -1.]
 [ 1.  1.  0. -1. -1.]
 [ 1.  1.  1. -1.  1.]]
[[ 1.  1. -1.  1. -1.]
 [-1. -1.  1. -1. -1.]
 [ 1.  1.  1.  0. -1.]
 [ 1.  1.  1. -1. -1.]
 [ 1.  1.  1. -1.  1.]]
[[ 1.  1. -1.  1. -1.]
 [-1. -1.  1. -1. -1.]
 [ 1.  1.  1.  0. -1.]
 [ 1.  1.  1. -1. -1.]
 [ 1.  1.  1. -1.  0.]]
[[ 1.  1. -1.  0. -1.]
 [-1. -1.  0. -1. -1.]
 [ 1.  1.  1.  0. -1.]
 [ 1.  1.  1. -1. -1.]
 [ 1.  1.  1. -1.  0.]]
[[ 0.  0. -1.  0. -1.]
 [-1. -1.  0. -1. -1.]
 [ 1.  1.  1.  0. -1.]
 [ 1.  1.  1. -1. -1.]
 [ 1.  1.  1. -1.  0.]]
[[ 0.  0. -1.  0. -1.]
 [-1. -1.  0. -1. -1.]
 [ 0.  0.  0.  0. -1.]
 [ 0.  0.  0. -1. -1.]
 [ 0.  0.  0. -1.  0.]]
