Shortest Path in 7 Steps 
[[-1. -1. -1.  1.  1.  1.]
 [-1. -1. -1.  1.  1.  1.]
 [-1. -1.  1.  1.  1.  1.]
 [ 1.  1.  1.  1. -1. -1.]
 [ 1.  1.  1. -1. -1. -1.]
 [ 1.  1.  1. -1. -1. -1.]]
Press Cell: [ 4.  1.]
[[-1. -1. -1.  1.  1.  1.]
 [-1. -1. -1.  1.  1.  1.]
 [-1. -1.  1.  1.  1.  1.]
 [ 0.  0.  1.  1. -1. -1.]
 [ 0.  0.  1. -1. -1. -1.]
 [ 1.  1.  1. -1. -1. -1.]]
Press Cell: [ 4.  2.]
[[-1. -1. -1.  1.  1.  1.]
 [-1. -1. -1.  1.  1.  1.]
 [-1. -1.  0.  1.  1.  1.]
 [ 1.  1.  0.  1. -1. -1.]
 [ 1.  1.  0. -1. -1. -1.]
 [ 1.  1.  1. -1. -1. -1.]]
Press Cell: [ 4.  4.]
[[-1. -1. -1.  1.  1.  1.]
 [-1. -1. -1.  1.  1.  1.]
 [-1. -1.  1.  0.  0.  1.]
 [ 1.  1.  1.  0. -1. -1.]
 [ 1.  1.  1. -1. -1. -1.]
 [ 1.  1.  1. -1. -1. -1.]]
Press Cell: [ 2.  4.]
[[-1. -1. -1.  0.  0.  1.]
 [-1. -1. -1.  0.  0.  1.]
 [-1. -1.  0.  1.  1.  1.]
 [ 1.  1.  1.  0. -1. -1.]
 [ 1.  1.  1. -1. -1. -1.]
 [ 1.  1.  1. -1. -1. -1.]]
Press Cell: [ 1.  4.]
[[-1. -1. -1.  1.  1.  1.]
 [-1. -1. -1.  1.  1.  1.]
 [-1. -1.  0.  1.  1.  1.]
 [ 1.  1.  1.  0. -1. -1.]
 [ 1.  1.  1. -1. -1. -1.]
 [ 1.  1.  1. -1. -1. -1.]]
Press Cell: [ 5.  2.]
[[-1. -1. -1.  1.  1.  1.]
 [-1. -1. -1.  1.  1.  1.]
 [-1. -1.  0.  1.  1.  1.]
 [ 0.  0.  0.  0. -1. -1.]
 [ 0.  0.  0. -1. -1. -1.]
 [ 0.  0.  0. -1. -1. -1.]]
Press Cell: [ 2.  5.]
[[-1. -1. -1.  0.  0.  0.]
 [-1. -1. -1.  0.  0.  0.]
 [-1. -1.  0.  0.  0.  0.]
 [ 0.  0.  0.  0. -1. -1.]
 [ 0.  0.  0. -1. -1. -1.]
 [ 0.  0.  0. -1. -1. -1.]]
