Shortest Path in 4 Steps 
[[ 1.  1.  1.  1.  1.  1.]
 [ 1.  1.  1.  1.  1.  1.]
 [ 1.  1.  1.  1.  1.  1.]
 [ 1.  1.  1.  1.  1.  1.]
 [ 1.  1.  1.  1.  1.  1.]
 [ 1.  1.  1.  1.  1.  1.]]
Press Cell: [ 5.  5.]
[[ 1.  1.  1.  1.  1.  1.]
 [ 1.  1.  1.  1.  1.  1.]
 [ 1.  1.  1.  1.  1.  1.]
 [ 1.  1.  1.  0.  0.  0.]
 [ 1.  1.  1.  0.  0.  0.]
 [ 1.  1.  1.  0.  0.  0.]]
Press Cell: [ 5.  2.]
[[ 1.  1.  1.  1.  1.  1.]
 [ 1.  1.  1.  1.  1.  1.]
 [ 1.  1.  1.  1.  1.  1.]
 [ 0.  0.  0.  0.  0.  0.]
 [ 0.  0.  0.  0.  0.  0.]
 [ 0.  0.  0.  0.  0.  0.]]
Press Cell: [ 2.  5.]
[[ 1.  1.  1.  0.  0.  0.]
 [ 1.  1.  1.  0.  0.  0.]
 [ 1.  1.  1.  0.  0.  0.]
 [ 0.  0.  0.  0.  0.  0.]
 [ 0.  0.  0.  0.  0.  0.]
 [ 0.  0.  0.  0.  0.  0.]]
Press Cell: [ 2.  2.]
[[ 0.  0.  0.  0.  0.  0.]
 [ 0.  0.  0.  0.  0.  0.]
 [ 0.  0.  0.  0.  0.  0.]
 [ 0.  0.  0.  0.  0.  0.]
 [ 0.  0.  0.  0.  0.  0.]
 [ 0.  0.  0.  0.  0.  0.]]
