Shortest Path in 4 Steps 
[[-3.  1.  1.  1.]
 [ 1.  1.  1.  1.]
 [ 1.  1.  1.  1.]
 [ 1.  1.  1.  1.]]
Press Cell: [ 1.  1.] Special Cell
[[-3.  1.  1.  1.]
 [ 1.  0.  1.  1.]
 [ 1.  1.  1.  1.]
 [ 1.  1.  1.  1.]]
Press Cell: [ 4.  4.]
[[-3.  1.  1.  1.]
 [ 1.  0.  1.  1.]
 [ 1.  1.  0.  0.]
 [ 1.  1.  0.  0.]]
Press Cell: [ 3.  1.]
[[-3.  1.  1.  1.]
 [ 0.  1.  1.  1.]
 [ 0.  0.  0.  0.]
 [ 0.  0.  0.  0.]]
Press Cell: [ 1.  3.]
[[-3.  0.  0.  0.]
 [ 0.  0.  0.  0.]
 [ 0.  0.  0.  0.]
 [ 0.  0.  0.  0.]]
