Shortest Path in 4 Steps 
[[-1.  1.  1.  1.]
 [ 1. -2.  1.  1.]
 [ 1.  1. -2.  1.]
 [ 1.  1.  1. -1.]]
Press Cell: [ 3.  3.] Special Cell
[[-1.  1.  1.  1.]
 [ 1. -2.  0.  1.]
 [ 1.  0. -2.  0.]
 [ 1.  1.  0. -1.]]
Press Cell: [ 2.  2.] Special Cell
[[-1.  0.  1.  1.]
 [ 0. -2.  1.  1.]
 [ 1.  1. -2.  0.]
 [ 1.  1.  0. -1.]]
Press Cell: [ 4.  1.]
[[-1.  0.  1.  1.]
 [ 0. -2.  1.  1.]
 [ 0.  0. -2.  0.]
 [ 0.  0.  0. -1.]]
Press Cell: [ 1.  4.]
[[-1.  0.  0.  0.]
 [ 0. -2.  0.  0.]
 [ 0.  0. -2.  0.]
 [ 0.  0.  0. -1.]]
